(kicad_pcb (version 20171130) (host pcbnew 5.1.2-f72e74a~84~ubuntu18.04.1)

  (general
    (thickness 1.6)
    (drawings 24)
    (tracks 270)
    (zones 0)
    (modules 46)
    (nets 32)
  )

  (page A4)
  (title_block
    (title emods/axis-encoder)
    (date 21/06/19)
    (rev 21/06/19)
    (comment 4 github.com/cpgmoore/emods/axis-encoder)
  )

  (layers
    (0 F.Cu signal)
    (31 B.Cu signal)
    (32 B.Adhes user)
    (33 F.Adhes user)
    (34 B.Paste user)
    (35 F.Paste user)
    (36 B.SilkS user)
    (37 F.SilkS user)
    (38 B.Mask user)
    (39 F.Mask user)
    (40 Dwgs.User user)
    (41 Cmts.User user)
    (42 Eco1.User user)
    (43 Eco2.User user)
    (44 Edge.Cuts user)
    (45 Margin user)
    (46 B.CrtYd user)
    (47 F.CrtYd user)
    (48 B.Fab user)
    (49 F.Fab user)
  )

  (setup
    (last_trace_width 0.25)
    (user_trace_width 0.5)
    (trace_clearance 0.2)
    (zone_clearance 0)
    (zone_45_only no)
    (trace_min 0.2)
    (via_size 0.8)
    (via_drill 0.4)
    (via_min_size 0.4)
    (via_min_drill 0.3)
    (uvia_size 0.3)
    (uvia_drill 0.1)
    (uvias_allowed no)
    (uvia_min_size 0.2)
    (uvia_min_drill 0.1)
    (edge_width 0.05)
    (segment_width 0.2)
    (pcb_text_width 0.3)
    (pcb_text_size 1.5 1.5)
    (mod_edge_width 0.12)
    (mod_text_size 1 1)
    (mod_text_width 0.15)
    (pad_size 1.524 1.524)
    (pad_drill 0.762)
    (pad_to_mask_clearance 0.051)
    (solder_mask_min_width 0.25)
    (aux_axis_origin 0 0)
    (visible_elements FFFFFF7F)
    (pcbplotparams
      (layerselection 0x010fc_ffffffff)
      (usegerberextensions false)
      (usegerberattributes false)
      (usegerberadvancedattributes false)
      (creategerberjobfile false)
      (excludeedgelayer true)
      (linewidth 0.100000)
      (plotframeref false)
      (viasonmask true)
      (mode 1)
      (useauxorigin false)
      (hpglpennumber 1)
      (hpglpenspeed 20)
      (hpglpendiameter 15.000000)
      (psnegative false)
      (psa4output false)
      (plotreference true)
      (plotvalue true)
      (plotinvisibletext false)
      (padsonsilk false)
      (subtractmaskfromsilk true)
      (outputformat 1)
      (mirror false)
      (drillshape 0)
      (scaleselection 1)
      (outputdirectory "gerbers/"))
  )

  (net 0 "")
  (net 1 GND)
  (net 2 /VCC)
  (net 3 Vcc)
  (net 4 "Net-(C11-Pad1)")
  (net 5 "Net-(C21-Pad1)")
  (net 6 "Net-(C31-Pad1)")
  (net 7 "Net-(C41-Pad1)")
  (net 8 "Net-(D2-Pad2)")
  (net 9 "Net-(D11-Pad2)")
  (net 10 "Net-(D21-Pad2)")
  (net 11 "Net-(D31-Pad2)")
  (net 12 "Net-(D41-Pad2)")
  (net 13 /LIM_1)
  (net 14 /LIM_2)
  (net 15 /QUAD_A)
  (net 16 /QUAD_B)
  (net 17 "Net-(R11-Pad2)")
  (net 18 "Net-(R21-Pad2)")
  (net 19 "Net-(R31-Pad2)")
  (net 20 "Net-(R41-Pad2)")
  (net 21 "Net-(U1-Pad12)")
  (net 22 "Net-(U1-Pad1)")
  (net 23 "Net-(U1-Pad8)")
  (net 24 "Net-(U1-Pad6)")
  (net 25 /Q_UP)
  (net 26 /Q_DN)
  (net 27 /L_1)
  (net 28 /L_2)
  (net 29 "Net-(U2-Pad2)")
  (net 30 "Net-(U2-Pad8)")
  (net 31 "Net-(C3-Pad1)")

  (net_class Default "This is the default net class."
    (clearance 0.2)
    (trace_width 0.25)
    (via_dia 0.8)
    (via_drill 0.4)
    (uvia_dia 0.3)
    (uvia_drill 0.1)
    (add_net /LIM_1)
    (add_net /LIM_2)
    (add_net /L_1)
    (add_net /L_2)
    (add_net /QUAD_A)
    (add_net /QUAD_B)
    (add_net /Q_DN)
    (add_net /Q_UP)
    (add_net /VCC)
    (add_net GND)
    (add_net "Net-(C11-Pad1)")
    (add_net "Net-(C21-Pad1)")
    (add_net "Net-(C3-Pad1)")
    (add_net "Net-(C31-Pad1)")
    (add_net "Net-(C41-Pad1)")
    (add_net "Net-(D11-Pad2)")
    (add_net "Net-(D2-Pad2)")
    (add_net "Net-(D21-Pad2)")
    (add_net "Net-(D31-Pad2)")
    (add_net "Net-(D41-Pad2)")
    (add_net "Net-(R11-Pad2)")
    (add_net "Net-(R21-Pad2)")
    (add_net "Net-(R31-Pad2)")
    (add_net "Net-(R41-Pad2)")
    (add_net "Net-(U1-Pad1)")
    (add_net "Net-(U1-Pad12)")
    (add_net "Net-(U1-Pad6)")
    (add_net "Net-(U1-Pad8)")
    (add_net "Net-(U2-Pad2)")
    (add_net "Net-(U2-Pad8)")
    (add_net Vcc)
  )

  (module Package_SO:SOIC-14_3.9x8.7mm_P1.27mm (layer F.Cu) (tedit 5C97300E) (tstamp 5CFA5581)
    (at 141.605 102.87 90)
    (descr "SOIC, 14 Pin (JEDEC MS-012AB, https://www.analog.com/media/en/package-pcb-resources/package/pkg_pdf/soic_narrow-r/r_14.pdf), generated with kicad-footprint-generator ipc_gullwing_generator.py")
    (tags "SOIC SO")
    (path /5CFAA8BE)
    (attr smd)
    (fp_text reference U2 (at 0 -5.08 90) (layer F.SilkS)
      (effects (font (size 0.762 0.762) (thickness 0.0762)))
    )
    (fp_text value 74xx14 (at 1.397 -2.032) (layer F.Fab)
      (effects (font (size 0.762 0.762) (thickness 0.0762)))
    )
    (fp_line (start 0 4.435) (end 1.95 4.435) (layer F.SilkS) (width 0.12))
    (fp_line (start 0 4.435) (end -1.95 4.435) (layer F.SilkS) (width 0.12))
    (fp_line (start 0 -4.435) (end 1.95 -4.435) (layer F.SilkS) (width 0.12))
    (fp_line (start 0 -4.435) (end -3.45 -4.435) (layer F.SilkS) (width 0.12))
    (fp_line (start -0.975 -4.325) (end 1.95 -4.325) (layer F.Fab) (width 0.1))
    (fp_line (start 1.95 -4.325) (end 1.95 4.325) (layer F.Fab) (width 0.1))
    (fp_line (start 1.95 4.325) (end -1.95 4.325) (layer F.Fab) (width 0.1))
    (fp_line (start -1.95 4.325) (end -1.95 -3.35) (layer F.Fab) (width 0.1))
    (fp_line (start -1.95 -3.35) (end -0.975 -4.325) (layer F.Fab) (width 0.1))
    (fp_line (start -3.7 -4.58) (end -3.7 4.58) (layer F.CrtYd) (width 0.05))
    (fp_line (start -3.7 4.58) (end 3.7 4.58) (layer F.CrtYd) (width 0.05))
    (fp_line (start 3.7 4.58) (end 3.7 -4.58) (layer F.CrtYd) (width 0.05))
    (fp_line (start 3.7 -4.58) (end -3.7 -4.58) (layer F.CrtYd) (width 0.05))
    (fp_text user %R (at 0 0 90) (layer F.Fab)
      (effects (font (size 0.381 0.381) (thickness 0.0762)))
    )
    (pad 1 smd roundrect (at -2.475 -3.81 90) (size 1.95 0.6) (layers F.Cu F.Paste F.Mask) (roundrect_rratio 0.25)
      (net 1 GND))
    (pad 2 smd roundrect (at -2.475 -2.54 90) (size 1.95 0.6) (layers F.Cu F.Paste F.Mask) (roundrect_rratio 0.25)
      (net 29 "Net-(U2-Pad2)"))
    (pad 3 smd roundrect (at -2.475 -1.27 90) (size 1.95 0.6) (layers F.Cu F.Paste F.Mask) (roundrect_rratio 0.25)
      (net 7 "Net-(C41-Pad1)"))
    (pad 4 smd roundrect (at -2.475 0 90) (size 1.95 0.6) (layers F.Cu F.Paste F.Mask) (roundrect_rratio 0.25)
      (net 20 "Net-(R41-Pad2)"))
    (pad 5 smd roundrect (at -2.475 1.27 90) (size 1.95 0.6) (layers F.Cu F.Paste F.Mask) (roundrect_rratio 0.25)
      (net 6 "Net-(C31-Pad1)"))
    (pad 6 smd roundrect (at -2.475 2.54 90) (size 1.95 0.6) (layers F.Cu F.Paste F.Mask) (roundrect_rratio 0.25)
      (net 19 "Net-(R31-Pad2)"))
    (pad 7 smd roundrect (at -2.475 3.81 90) (size 1.95 0.6) (layers F.Cu F.Paste F.Mask) (roundrect_rratio 0.25)
      (net 1 GND))
    (pad 8 smd roundrect (at 2.475 3.81 90) (size 1.95 0.6) (layers F.Cu F.Paste F.Mask) (roundrect_rratio 0.25)
      (net 30 "Net-(U2-Pad8)"))
    (pad 9 smd roundrect (at 2.475 2.54 90) (size 1.95 0.6) (layers F.Cu F.Paste F.Mask) (roundrect_rratio 0.25)
      (net 1 GND))
    (pad 10 smd roundrect (at 2.475 1.27 90) (size 1.95 0.6) (layers F.Cu F.Paste F.Mask) (roundrect_rratio 0.25)
      (net 21 "Net-(U1-Pad12)"))
    (pad 11 smd roundrect (at 2.475 0 90) (size 1.95 0.6) (layers F.Cu F.Paste F.Mask) (roundrect_rratio 0.25)
      (net 4 "Net-(C11-Pad1)"))
    (pad 12 smd roundrect (at 2.475 -1.27 90) (size 1.95 0.6) (layers F.Cu F.Paste F.Mask) (roundrect_rratio 0.25)
      (net 22 "Net-(U1-Pad1)"))
    (pad 13 smd roundrect (at 2.475 -2.54 90) (size 1.95 0.6) (layers F.Cu F.Paste F.Mask) (roundrect_rratio 0.25)
      (net 5 "Net-(C21-Pad1)"))
    (pad 14 smd roundrect (at 2.475 -3.81 90) (size 1.95 0.6) (layers F.Cu F.Paste F.Mask) (roundrect_rratio 0.25)
      (net 3 Vcc))
    (model ${KISYS3DMOD}/Package_SO.3dshapes/SOIC-14_3.9x8.7mm_P1.27mm.wrl
      (at (xyz 0 0 0))
      (scale (xyz 1 1 1))
      (rotate (xyz 0 0 0))
    )
  )

  (module Diode_SMD:D_SOD-123 (layer F.Cu) (tedit 58645DC7) (tstamp 5CFCBCA9)
    (at 128.905 106.045 180)
    (descr SOD-123)
    (tags SOD-123)
    (path /5D0EC885)
    (attr smd)
    (fp_text reference D1 (at -3.048 0) (layer F.SilkS)
      (effects (font (size 0.762 0.762) (thickness 0.0762)))
    )
    (fp_text value 520/530/540 (at -0.508 -1.905) (layer F.Fab)
      (effects (font (size 0.762 0.762) (thickness 0.0762)))
    )
    (fp_line (start -2.25 -1) (end 1.65 -1) (layer F.SilkS) (width 0.12))
    (fp_line (start -2.25 1) (end 1.65 1) (layer F.SilkS) (width 0.12))
    (fp_line (start -2.35 -1.15) (end -2.35 1.15) (layer F.CrtYd) (width 0.05))
    (fp_line (start 2.35 1.15) (end -2.35 1.15) (layer F.CrtYd) (width 0.05))
    (fp_line (start 2.35 -1.15) (end 2.35 1.15) (layer F.CrtYd) (width 0.05))
    (fp_line (start -2.35 -1.15) (end 2.35 -1.15) (layer F.CrtYd) (width 0.05))
    (fp_line (start -1.4 -0.9) (end 1.4 -0.9) (layer F.Fab) (width 0.1))
    (fp_line (start 1.4 -0.9) (end 1.4 0.9) (layer F.Fab) (width 0.1))
    (fp_line (start 1.4 0.9) (end -1.4 0.9) (layer F.Fab) (width 0.1))
    (fp_line (start -1.4 0.9) (end -1.4 -0.9) (layer F.Fab) (width 0.1))
    (fp_line (start -0.75 0) (end -0.35 0) (layer F.Fab) (width 0.1))
    (fp_line (start -0.35 0) (end -0.35 -0.55) (layer F.Fab) (width 0.1))
    (fp_line (start -0.35 0) (end -0.35 0.55) (layer F.Fab) (width 0.1))
    (fp_line (start -0.35 0) (end 0.25 -0.4) (layer F.Fab) (width 0.1))
    (fp_line (start 0.25 -0.4) (end 0.25 0.4) (layer F.Fab) (width 0.1))
    (fp_line (start 0.25 0.4) (end -0.35 0) (layer F.Fab) (width 0.1))
    (fp_line (start 0.25 0) (end 0.75 0) (layer F.Fab) (width 0.1))
    (fp_line (start -2.25 -1) (end -2.25 1) (layer F.SilkS) (width 0.12))
    (fp_text user %R (at 0.889 0.508) (layer F.Fab)
      (effects (font (size 0.381 0.381) (thickness 0.0762)))
    )
    (pad 2 smd rect (at 1.65 0 180) (size 0.9 1.2) (layers F.Cu F.Paste F.Mask)
      (net 1 GND))
    (pad 1 smd rect (at -1.65 0 180) (size 0.9 1.2) (layers F.Cu F.Paste F.Mask)
      (net 31 "Net-(C3-Pad1)"))
    (model ${KISYS3DMOD}/Diode_SMD.3dshapes/D_SOD-123.wrl
      (at (xyz 0 0 0))
      (scale (xyz 1 1 1))
      (rotate (xyz 0 0 0))
    )
  )

  (module Fuse:Fuse_1206_3216Metric (layer F.Cu) (tedit 5B301BBE) (tstamp 5D0D00E0)
    (at 128.905 103.505 180)
    (descr "Fuse SMD 1206 (3216 Metric), square (rectangular) end terminal, IPC_7351 nominal, (Body size source: http://www.tortai-tech.com/upload/download/2011102023233369053.pdf), generated with kicad-footprint-generator")
    (tags resistor)
    (path /5CFC13DB)
    (attr smd)
    (fp_text reference F1 (at -2.921 0) (layer F.SilkS)
      (effects (font (size 0.762 0.762) (thickness 0.0762)))
    )
    (fp_text value 100mA (at -0.381 -0.254 180) (layer F.Fab)
      (effects (font (size 0.762 0.762) (thickness 0.0762)))
    )
    (fp_line (start -1.6 0.8) (end -1.6 -0.8) (layer F.Fab) (width 0.1))
    (fp_line (start -1.6 -0.8) (end 1.6 -0.8) (layer F.Fab) (width 0.1))
    (fp_line (start 1.6 -0.8) (end 1.6 0.8) (layer F.Fab) (width 0.1))
    (fp_line (start 1.6 0.8) (end -1.6 0.8) (layer F.Fab) (width 0.1))
    (fp_line (start -0.602064 -0.91) (end 0.602064 -0.91) (layer F.SilkS) (width 0.12))
    (fp_line (start -0.602064 0.91) (end 0.602064 0.91) (layer F.SilkS) (width 0.12))
    (fp_line (start -2.28 1.12) (end -2.28 -1.12) (layer F.CrtYd) (width 0.05))
    (fp_line (start -2.28 -1.12) (end 2.28 -1.12) (layer F.CrtYd) (width 0.05))
    (fp_line (start 2.28 -1.12) (end 2.28 1.12) (layer F.CrtYd) (width 0.05))
    (fp_line (start 2.28 1.12) (end -2.28 1.12) (layer F.CrtYd) (width 0.05))
    (fp_text user %R (at 1.143 0.508) (layer F.Fab)
      (effects (font (size 0.381 0.381) (thickness 0.0762)))
    )
    (pad 1 smd roundrect (at -1.4 0 180) (size 1.25 1.75) (layers F.Cu F.Paste F.Mask) (roundrect_rratio 0.2)
      (net 31 "Net-(C3-Pad1)"))
    (pad 2 smd roundrect (at 1.4 0 180) (size 1.25 1.75) (layers F.Cu F.Paste F.Mask) (roundrect_rratio 0.2)
      (net 2 /VCC))
    (model ${KISYS3DMOD}/Fuse.3dshapes/Fuse_1206_3216Metric.wrl
      (at (xyz 0 0 0))
      (scale (xyz 1 1 1))
      (rotate (xyz 0 0 0))
    )
  )

  (module Fiducial:Fiducial_1mm_Mask2mm (layer F.Cu) (tedit 5C18CB26) (tstamp 5CFA64B3)
    (at 123.825 88.265)
    (descr "Circular Fiducial, 1mm bare copper, 2mm soldermask opening (Level A)")
    (tags fiducial)
    (path /5D06573B)
    (attr smd)
    (fp_text reference FID1 (at 3.175 -0.635) (layer F.SilkS) hide
      (effects (font (size 0.762 0.762) (thickness 0.0762)))
    )
    (fp_text value Fiducial (at 0 2) (layer F.Fab) hide
      (effects (font (size 0.762 0.762) (thickness 0.0762)))
    )
    (fp_circle (center 0 0) (end 1.25 0) (layer F.CrtYd) (width 0.05))
    (fp_text user %R (at 0 0) (layer F.Fab)
      (effects (font (size 0.381 0.381) (thickness 0.0762)))
    )
    (fp_circle (center 0 0) (end 1 0) (layer F.Fab) (width 0.1))
    (pad "" smd circle (at 0 0) (size 1 1) (layers F.Cu F.Mask)
      (solder_mask_margin 0.5) (clearance 0.5))
  )

  (module Fiducial:Fiducial_1mm_Mask2mm (layer F.Cu) (tedit 5C18CB26) (tstamp 5CFD6D34)
    (at 167.64 88.265)
    (descr "Circular Fiducial, 1mm bare copper, 2mm soldermask opening (Level A)")
    (tags fiducial)
    (path /5D0661B8)
    (attr smd)
    (fp_text reference FID2 (at 0 1.905) (layer F.SilkS) hide
      (effects (font (size 0.762 0.762) (thickness 0.0762)))
    )
    (fp_text value Fiducial (at 0 2) (layer F.Fab) hide
      (effects (font (size 0.762 0.762) (thickness 0.0762)))
    )
    (fp_circle (center 0 0) (end 1 0) (layer F.Fab) (width 0.1))
    (fp_text user %R (at 0 0) (layer F.Fab)
      (effects (font (size 0.381 0.381) (thickness 0.0762)))
    )
    (fp_circle (center 0 0) (end 1.25 0) (layer F.CrtYd) (width 0.05))
    (pad "" smd circle (at 0 0) (size 1 1) (layers F.Cu F.Mask)
      (solder_mask_margin 0.5) (clearance 0.5))
  )

  (module Fiducial:Fiducial_1mm_Mask2mm (layer F.Cu) (tedit 5C18CB26) (tstamp 5CFA538D)
    (at 123.825 107.315)
    (descr "Circular Fiducial, 1mm bare copper, 2mm soldermask opening (Level A)")
    (tags fiducial)
    (path /5D2A352E)
    (attr smd)
    (fp_text reference FID3 (at 3.175 0.635) (layer F.SilkS) hide
      (effects (font (size 0.762 0.762) (thickness 0.0762)))
    )
    (fp_text value Fiducial (at 0 2) (layer F.Fab) hide
      (effects (font (size 0.762 0.762) (thickness 0.0762)))
    )
    (fp_circle (center 0 0) (end 1.25 0) (layer F.CrtYd) (width 0.05))
    (fp_text user %R (at 0 0) (layer F.Fab)
      (effects (font (size 0.381 0.381) (thickness 0.0762)))
    )
    (fp_circle (center 0 0) (end 1 0) (layer F.Fab) (width 0.1))
    (pad "" smd circle (at 0 0) (size 1 1) (layers F.Cu F.Mask)
      (solder_mask_margin 0.5) (clearance 0.5))
  )

  (module Fiducial:Fiducial_1mm_Mask2mm (layer F.Cu) (tedit 5C18CB26) (tstamp 5CFD6CAA)
    (at 167.64 107.315)
    (descr "Circular Fiducial, 1mm bare copper, 2mm soldermask opening (Level A)")
    (tags fiducial)
    (path /5D2A37CC)
    (attr smd)
    (fp_text reference FID4 (at 0 -1.905) (layer F.SilkS) hide
      (effects (font (size 0.762 0.762) (thickness 0.0762)))
    )
    (fp_text value Fiducial (at 0 2) (layer F.Fab) hide
      (effects (font (size 0.762 0.762) (thickness 0.0762)))
    )
    (fp_circle (center 0 0) (end 1 0) (layer F.Fab) (width 0.1))
    (fp_text user %R (at 0 0) (layer F.Fab)
      (effects (font (size 0.381 0.381) (thickness 0.0762)))
    )
    (fp_circle (center 0 0) (end 1.25 0) (layer F.CrtYd) (width 0.05))
    (pad "" smd circle (at 0 0) (size 1 1) (layers F.Cu F.Mask)
      (solder_mask_margin 0.5) (clearance 0.5))
  )

  (module MountingHole:MountingHole_3.5mm_Pad_Via (layer F.Cu) (tedit 56DDBDB4) (tstamp 5D0D83D9)
    (at 165.1 97.79)
    (descr "Mounting Hole 3.5mm")
    (tags "mounting hole 3.5mm")
    (path /5D066910)
    (attr virtual)
    (fp_text reference H1 (at 0 -4.191) (layer F.SilkS)
      (effects (font (size 0.762 0.762) (thickness 0.0762)))
    )
    (fp_text value MountingHole_Pad (at 0 4.5) (layer F.Fab) hide
      (effects (font (size 0.762 0.762) (thickness 0.0762)))
    )
    (fp_text user %R (at 0.3 0) (layer F.Fab)
      (effects (font (size 0.381 0.381) (thickness 0.0762)))
    )
    (fp_circle (center 0 0) (end 3.5 0) (layer Cmts.User) (width 0.15))
    (fp_circle (center 0 0) (end 3.75 0) (layer F.CrtYd) (width 0.05))
    (pad 1 thru_hole circle (at 0 0) (size 7 7) (drill 3.5) (layers *.Cu *.Mask)
      (net 1 GND))
    (pad 1 thru_hole circle (at 2.625 0) (size 0.8 0.8) (drill 0.5) (layers *.Cu *.Mask)
      (net 1 GND))
    (pad 1 thru_hole circle (at 1.856155 1.856155) (size 0.8 0.8) (drill 0.5) (layers *.Cu *.Mask)
      (net 1 GND))
    (pad 1 thru_hole circle (at 0 2.625) (size 0.8 0.8) (drill 0.5) (layers *.Cu *.Mask)
      (net 1 GND))
    (pad 1 thru_hole circle (at -1.856155 1.856155) (size 0.8 0.8) (drill 0.5) (layers *.Cu *.Mask)
      (net 1 GND))
    (pad 1 thru_hole circle (at -2.625 0) (size 0.8 0.8) (drill 0.5) (layers *.Cu *.Mask)
      (net 1 GND))
    (pad 1 thru_hole circle (at -1.856155 -1.856155) (size 0.8 0.8) (drill 0.5) (layers *.Cu *.Mask)
      (net 1 GND))
    (pad 1 thru_hole circle (at 0 -2.625) (size 0.8 0.8) (drill 0.5) (layers *.Cu *.Mask)
      (net 1 GND))
    (pad 1 thru_hole circle (at 1.856155 -1.856155) (size 0.8 0.8) (drill 0.5) (layers *.Cu *.Mask)
      (net 1 GND))
  )

  (module Connector_PinHeader_2.54mm:PinHeader_1x06_P2.54mm_Vertical (layer F.Cu) (tedit 59FED5CC) (tstamp 5CFA9B83)
    (at 123.825 91.44)
    (descr "Through hole straight pin header, 1x06, 2.54mm pitch, single row")
    (tags "Through hole pin header THT 1x06 2.54mm single row")
    (path /5CF9F596)
    (fp_text reference J1 (at 2.159 -2.286) (layer F.SilkS)
      (effects (font (size 0.762 0.762) (thickness 0.0762)))
    )
    (fp_text value PMOD (at 0 15.03) (layer F.Fab) hide
      (effects (font (size 0.762 0.762) (thickness 0.0762)))
    )
    (fp_line (start -0.635 -1.27) (end 1.27 -1.27) (layer F.Fab) (width 0.1))
    (fp_line (start 1.27 -1.27) (end 1.27 13.97) (layer F.Fab) (width 0.1))
    (fp_line (start 1.27 13.97) (end -1.27 13.97) (layer F.Fab) (width 0.1))
    (fp_line (start -1.27 13.97) (end -1.27 -0.635) (layer F.Fab) (width 0.1))
    (fp_line (start -1.27 -0.635) (end -0.635 -1.27) (layer F.Fab) (width 0.1))
    (fp_line (start -1.33 14.03) (end 1.33 14.03) (layer F.SilkS) (width 0.12))
    (fp_line (start -1.33 1.27) (end -1.33 14.03) (layer F.SilkS) (width 0.12))
    (fp_line (start 1.33 1.27) (end 1.33 14.03) (layer F.SilkS) (width 0.12))
    (fp_line (start -1.33 1.27) (end 1.33 1.27) (layer F.SilkS) (width 0.12))
    (fp_line (start -1.33 0) (end -1.33 -1.33) (layer F.SilkS) (width 0.12))
    (fp_line (start -1.33 -1.33) (end 0 -1.33) (layer F.SilkS) (width 0.12))
    (fp_line (start -1.8 -1.8) (end -1.8 14.5) (layer F.CrtYd) (width 0.05))
    (fp_line (start -1.8 14.5) (end 1.8 14.5) (layer F.CrtYd) (width 0.05))
    (fp_line (start 1.8 14.5) (end 1.8 -1.8) (layer F.CrtYd) (width 0.05))
    (fp_line (start 1.8 -1.8) (end -1.8 -1.8) (layer F.CrtYd) (width 0.05))
    (fp_text user %R (at 0 6.35 90) (layer F.Fab)
      (effects (font (size 0.381 0.381) (thickness 0.0762)))
    )
    (pad 1 thru_hole rect (at 0 0) (size 1.7 1.7) (drill 1) (layers *.Cu *.Mask)
      (net 25 /Q_UP))
    (pad 2 thru_hole oval (at 0 2.54) (size 1.7 1.7) (drill 1) (layers *.Cu *.Mask)
      (net 26 /Q_DN))
    (pad 3 thru_hole oval (at 0 5.08) (size 1.7 1.7) (drill 1) (layers *.Cu *.Mask)
      (net 27 /L_1))
    (pad 4 thru_hole oval (at 0 7.62) (size 1.7 1.7) (drill 1) (layers *.Cu *.Mask)
      (net 28 /L_2))
    (pad 5 thru_hole oval (at 0 10.16) (size 1.7 1.7) (drill 1) (layers *.Cu *.Mask)
      (net 1 GND))
    (pad 6 thru_hole oval (at 0 12.7) (size 1.7 1.7) (drill 1) (layers *.Cu *.Mask)
      (net 2 /VCC))
    (model ${KISYS3DMOD}/Connector_PinHeader_2.54mm.3dshapes/PinHeader_1x06_P2.54mm_Vertical.wrl
      (at (xyz 0 0 0))
      (scale (xyz 1 1 1))
      (rotate (xyz 0 0 0))
    )
  )

  (module TerminalBlock_Phoenix:TerminalBlock_Phoenix_MPT-0,5-4-2.54_1x04_P2.54mm_Horizontal (layer F.Cu) (tedit 5B294F98) (tstamp 5CFD6CDF)
    (at 156.845 88.9 270)
    (descr "Terminal Block Phoenix MPT-0,5-4-2.54, 4 pins, pitch 2.54mm, size 10.6x6.2mm^2, drill diamater 1.1mm, pad diameter 2.2mm, see http://www.mouser.com/ds/2/324/ItemDetail_1725672-916605.pdf, script-generated using https://github.com/pointhi/kicad-footprint-generator/scripts/TerminalBlock_Phoenix")
    (tags "THT Terminal Block Phoenix MPT-0,5-4-2.54 pitch 2.54mm size 10.6x6.2mm^2 drill 1.1mm pad 2.2mm")
    (path /5CFCBA6F)
    (fp_text reference J2 (at -2.032 0 180) (layer F.SilkS)
      (effects (font (size 0.762 0.762) (thickness 0.0762)))
    )
    (fp_text value Encoder (at 3.81 -1.905 270) (layer F.Fab)
      (effects (font (size 0.762 0.762) (thickness 0.0762)))
    )
    (fp_circle (center 0 0) (end 1.1 0) (layer F.Fab) (width 0.1))
    (fp_circle (center 2.54 0) (end 3.64 0) (layer F.Fab) (width 0.1))
    (fp_circle (center 5.08 0) (end 6.18 0) (layer F.Fab) (width 0.1))
    (fp_circle (center 7.62 0) (end 8.72 0) (layer F.Fab) (width 0.1))
    (fp_line (start -1.5 -3.1) (end 9.12 -3.1) (layer F.Fab) (width 0.1))
    (fp_line (start 9.12 -3.1) (end 9.12 3.1) (layer F.Fab) (width 0.1))
    (fp_line (start 9.12 3.1) (end -1 3.1) (layer F.Fab) (width 0.1))
    (fp_line (start -1 3.1) (end -1.5 2.6) (layer F.Fab) (width 0.1))
    (fp_line (start -1.5 2.6) (end -1.5 -3.1) (layer F.Fab) (width 0.1))
    (fp_line (start -1.5 2.6) (end 9.12 2.6) (layer F.Fab) (width 0.1))
    (fp_line (start -1.56 2.6) (end 9.18 2.6) (layer F.SilkS) (width 0.12))
    (fp_line (start -1.5 -2.7) (end 9.12 -2.7) (layer F.Fab) (width 0.1))
    (fp_line (start -1.56 -2.7) (end 9.18 -2.7) (layer F.SilkS) (width 0.12))
    (fp_line (start -1.56 -3.16) (end 9.18 -3.16) (layer F.SilkS) (width 0.12))
    (fp_line (start -1.56 3.16) (end 9.18 3.16) (layer F.SilkS) (width 0.12))
    (fp_line (start -1.56 -3.16) (end -1.56 3.16) (layer F.SilkS) (width 0.12))
    (fp_line (start 9.18 -3.16) (end 9.18 3.16) (layer F.SilkS) (width 0.12))
    (fp_line (start 0.835 -0.7) (end -0.701 0.835) (layer F.Fab) (width 0.1))
    (fp_line (start 0.701 -0.835) (end -0.835 0.7) (layer F.Fab) (width 0.1))
    (fp_line (start 3.375 -0.7) (end 1.84 0.835) (layer F.Fab) (width 0.1))
    (fp_line (start 3.241 -0.835) (end 1.706 0.7) (layer F.Fab) (width 0.1))
    (fp_line (start 5.915 -0.7) (end 4.38 0.835) (layer F.Fab) (width 0.1))
    (fp_line (start 5.781 -0.835) (end 4.246 0.7) (layer F.Fab) (width 0.1))
    (fp_line (start 8.455 -0.7) (end 6.92 0.835) (layer F.Fab) (width 0.1))
    (fp_line (start 8.321 -0.835) (end 6.786 0.7) (layer F.Fab) (width 0.1))
    (fp_line (start -1.8 2.66) (end -1.8 3.4) (layer F.SilkS) (width 0.12))
    (fp_line (start -1.8 3.4) (end -1.3 3.4) (layer F.SilkS) (width 0.12))
    (fp_line (start -2 -3.6) (end -2 3.6) (layer F.CrtYd) (width 0.05))
    (fp_line (start -2 3.6) (end 9.63 3.6) (layer F.CrtYd) (width 0.05))
    (fp_line (start 9.63 3.6) (end 9.63 -3.6) (layer F.CrtYd) (width 0.05))
    (fp_line (start 9.63 -3.6) (end -2 -3.6) (layer F.CrtYd) (width 0.05))
    (fp_text user %R (at 3.81 2 90) (layer F.Fab)
      (effects (font (size 0.381 0.381) (thickness 0.0762)))
    )
    (pad 1 thru_hole rect (at 0 0 270) (size 2.2 2.2) (drill 1.1) (layers *.Cu *.Mask)
      (net 3 Vcc))
    (pad 2 thru_hole circle (at 2.54 0 270) (size 2.2 2.2) (drill 1.1) (layers *.Cu *.Mask)
      (net 15 /QUAD_A))
    (pad 3 thru_hole circle (at 5.08 0 270) (size 2.2 2.2) (drill 1.1) (layers *.Cu *.Mask)
      (net 16 /QUAD_B))
    (pad 4 thru_hole circle (at 7.62 0 270) (size 2.2 2.2) (drill 1.1) (layers *.Cu *.Mask)
      (net 1 GND))
    (model ${KISYS3DMOD}/TerminalBlock_Phoenix.3dshapes/TerminalBlock_Phoenix_MPT-0,5-4-2.54_1x04_P2.54mm_Horizontal.wrl
      (at (xyz 0 0 0))
      (scale (xyz 1 1 1))
      (rotate (xyz 0 0 0))
    )
  )

  (module TerminalBlock_Phoenix:TerminalBlock_Phoenix_MPT-0,5-4-2.54_1x04_P2.54mm_Horizontal (layer F.Cu) (tedit 5B294F98) (tstamp 5CFD6D96)
    (at 156.845 99.06 270)
    (descr "Terminal Block Phoenix MPT-0,5-4-2.54, 4 pins, pitch 2.54mm, size 10.6x6.2mm^2, drill diamater 1.1mm, pad diameter 2.2mm, see http://www.mouser.com/ds/2/324/ItemDetail_1725672-916605.pdf, script-generated using https://github.com/pointhi/kicad-footprint-generator/scripts/TerminalBlock_Phoenix")
    (tags "THT Terminal Block Phoenix MPT-0,5-4-2.54 pitch 2.54mm size 10.6x6.2mm^2 drill 1.1mm pad 2.2mm")
    (path /5CFCC25A)
    (fp_text reference J3 (at 9.652 0 180) (layer F.SilkS)
      (effects (font (size 0.762 0.762) (thickness 0.0762)))
    )
    (fp_text value Limits (at 3.81 -1.905 90) (layer F.Fab)
      (effects (font (size 0.762 0.762) (thickness 0.0762)))
    )
    (fp_text user %R (at 3.81 2 90) (layer F.Fab)
      (effects (font (size 0.381 0.381) (thickness 0.0762)))
    )
    (fp_line (start 9.63 -3.6) (end -2 -3.6) (layer F.CrtYd) (width 0.05))
    (fp_line (start 9.63 3.6) (end 9.63 -3.6) (layer F.CrtYd) (width 0.05))
    (fp_line (start -2 3.6) (end 9.63 3.6) (layer F.CrtYd) (width 0.05))
    (fp_line (start -2 -3.6) (end -2 3.6) (layer F.CrtYd) (width 0.05))
    (fp_line (start -1.8 3.4) (end -1.3 3.4) (layer F.SilkS) (width 0.12))
    (fp_line (start -1.8 2.66) (end -1.8 3.4) (layer F.SilkS) (width 0.12))
    (fp_line (start 8.321 -0.835) (end 6.786 0.7) (layer F.Fab) (width 0.1))
    (fp_line (start 8.455 -0.7) (end 6.92 0.835) (layer F.Fab) (width 0.1))
    (fp_line (start 5.781 -0.835) (end 4.246 0.7) (layer F.Fab) (width 0.1))
    (fp_line (start 5.915 -0.7) (end 4.38 0.835) (layer F.Fab) (width 0.1))
    (fp_line (start 3.241 -0.835) (end 1.706 0.7) (layer F.Fab) (width 0.1))
    (fp_line (start 3.375 -0.7) (end 1.84 0.835) (layer F.Fab) (width 0.1))
    (fp_line (start 0.701 -0.835) (end -0.835 0.7) (layer F.Fab) (width 0.1))
    (fp_line (start 0.835 -0.7) (end -0.701 0.835) (layer F.Fab) (width 0.1))
    (fp_line (start 9.18 -3.16) (end 9.18 3.16) (layer F.SilkS) (width 0.12))
    (fp_line (start -1.56 -3.16) (end -1.56 3.16) (layer F.SilkS) (width 0.12))
    (fp_line (start -1.56 3.16) (end 9.18 3.16) (layer F.SilkS) (width 0.12))
    (fp_line (start -1.56 -3.16) (end 9.18 -3.16) (layer F.SilkS) (width 0.12))
    (fp_line (start -1.56 -2.7) (end 9.18 -2.7) (layer F.SilkS) (width 0.12))
    (fp_line (start -1.5 -2.7) (end 9.12 -2.7) (layer F.Fab) (width 0.1))
    (fp_line (start -1.56 2.6) (end 9.18 2.6) (layer F.SilkS) (width 0.12))
    (fp_line (start -1.5 2.6) (end 9.12 2.6) (layer F.Fab) (width 0.1))
    (fp_line (start -1.5 2.6) (end -1.5 -3.1) (layer F.Fab) (width 0.1))
    (fp_line (start -1 3.1) (end -1.5 2.6) (layer F.Fab) (width 0.1))
    (fp_line (start 9.12 3.1) (end -1 3.1) (layer F.Fab) (width 0.1))
    (fp_line (start 9.12 -3.1) (end 9.12 3.1) (layer F.Fab) (width 0.1))
    (fp_line (start -1.5 -3.1) (end 9.12 -3.1) (layer F.Fab) (width 0.1))
    (fp_circle (center 7.62 0) (end 8.72 0) (layer F.Fab) (width 0.1))
    (fp_circle (center 5.08 0) (end 6.18 0) (layer F.Fab) (width 0.1))
    (fp_circle (center 2.54 0) (end 3.64 0) (layer F.Fab) (width 0.1))
    (fp_circle (center 0 0) (end 1.1 0) (layer F.Fab) (width 0.1))
    (pad 4 thru_hole circle (at 7.62 0 270) (size 2.2 2.2) (drill 1.1) (layers *.Cu *.Mask)
      (net 1 GND))
    (pad 3 thru_hole circle (at 5.08 0 270) (size 2.2 2.2) (drill 1.1) (layers *.Cu *.Mask)
      (net 14 /LIM_2))
    (pad 2 thru_hole circle (at 2.54 0 270) (size 2.2 2.2) (drill 1.1) (layers *.Cu *.Mask)
      (net 13 /LIM_1))
    (pad 1 thru_hole rect (at 0 0 270) (size 2.2 2.2) (drill 1.1) (layers *.Cu *.Mask)
      (net 3 Vcc))
    (model ${KISYS3DMOD}/TerminalBlock_Phoenix.3dshapes/TerminalBlock_Phoenix_MPT-0,5-4-2.54_1x04_P2.54mm_Horizontal.wrl
      (at (xyz 0 0 0))
      (scale (xyz 1 1 1))
      (rotate (xyz 0 0 0))
    )
  )

  (module Package_SO:SOIC-14_3.9x8.7mm_P1.27mm (layer F.Cu) (tedit 5C97300E) (tstamp 5CFA5561)
    (at 141.605 93.98 90)
    (descr "SOIC, 14 Pin (JEDEC MS-012AB, https://www.analog.com/media/en/package-pcb-resources/package/pkg_pdf/soic_narrow-r/r_14.pdf), generated with kicad-footprint-generator ipc_gullwing_generator.py")
    (tags "SOIC SO")
    (path /5D0A1841)
    (attr smd)
    (fp_text reference U1 (at 0 -5.08 90) (layer F.SilkS)
      (effects (font (size 0.762 0.762) (thickness 0.0762)))
    )
    (fp_text value 74xx74 (at 1.397 -2.032 180) (layer F.Fab)
      (effects (font (size 0.762 0.762) (thickness 0.0762)))
    )
    (fp_text user %R (at 0 0 90) (layer F.Fab)
      (effects (font (size 0.381 0.381) (thickness 0.0762)))
    )
    (fp_line (start 3.7 -4.58) (end -3.7 -4.58) (layer F.CrtYd) (width 0.05))
    (fp_line (start 3.7 4.58) (end 3.7 -4.58) (layer F.CrtYd) (width 0.05))
    (fp_line (start -3.7 4.58) (end 3.7 4.58) (layer F.CrtYd) (width 0.05))
    (fp_line (start -3.7 -4.58) (end -3.7 4.58) (layer F.CrtYd) (width 0.05))
    (fp_line (start -1.95 -3.35) (end -0.975 -4.325) (layer F.Fab) (width 0.1))
    (fp_line (start -1.95 4.325) (end -1.95 -3.35) (layer F.Fab) (width 0.1))
    (fp_line (start 1.95 4.325) (end -1.95 4.325) (layer F.Fab) (width 0.1))
    (fp_line (start 1.95 -4.325) (end 1.95 4.325) (layer F.Fab) (width 0.1))
    (fp_line (start -0.975 -4.325) (end 1.95 -4.325) (layer F.Fab) (width 0.1))
    (fp_line (start 0 -4.435) (end -3.45 -4.435) (layer F.SilkS) (width 0.12))
    (fp_line (start 0 -4.435) (end 1.95 -4.435) (layer F.SilkS) (width 0.12))
    (fp_line (start 0 4.435) (end -1.95 4.435) (layer F.SilkS) (width 0.12))
    (fp_line (start 0 4.435) (end 1.95 4.435) (layer F.SilkS) (width 0.12))
    (pad 14 smd roundrect (at 2.475 -3.81 90) (size 1.95 0.6) (layers F.Cu F.Paste F.Mask) (roundrect_rratio 0.25)
      (net 3 Vcc))
    (pad 13 smd roundrect (at 2.475 -2.54 90) (size 1.95 0.6) (layers F.Cu F.Paste F.Mask) (roundrect_rratio 0.25)
      (net 21 "Net-(U1-Pad12)"))
    (pad 12 smd roundrect (at 2.475 -1.27 90) (size 1.95 0.6) (layers F.Cu F.Paste F.Mask) (roundrect_rratio 0.25)
      (net 21 "Net-(U1-Pad12)"))
    (pad 11 smd roundrect (at 2.475 0 90) (size 1.95 0.6) (layers F.Cu F.Paste F.Mask) (roundrect_rratio 0.25)
      (net 22 "Net-(U1-Pad1)"))
    (pad 10 smd roundrect (at 2.475 1.27 90) (size 1.95 0.6) (layers F.Cu F.Paste F.Mask) (roundrect_rratio 0.25)
      (net 3 Vcc))
    (pad 9 smd roundrect (at 2.475 2.54 90) (size 1.95 0.6) (layers F.Cu F.Paste F.Mask) (roundrect_rratio 0.25)
      (net 18 "Net-(R21-Pad2)"))
    (pad 8 smd roundrect (at 2.475 3.81 90) (size 1.95 0.6) (layers F.Cu F.Paste F.Mask) (roundrect_rratio 0.25)
      (net 23 "Net-(U1-Pad8)"))
    (pad 7 smd roundrect (at -2.475 3.81 90) (size 1.95 0.6) (layers F.Cu F.Paste F.Mask) (roundrect_rratio 0.25)
      (net 1 GND))
    (pad 6 smd roundrect (at -2.475 2.54 90) (size 1.95 0.6) (layers F.Cu F.Paste F.Mask) (roundrect_rratio 0.25)
      (net 24 "Net-(U1-Pad6)"))
    (pad 5 smd roundrect (at -2.475 1.27 90) (size 1.95 0.6) (layers F.Cu F.Paste F.Mask) (roundrect_rratio 0.25)
      (net 17 "Net-(R11-Pad2)"))
    (pad 4 smd roundrect (at -2.475 0 90) (size 1.95 0.6) (layers F.Cu F.Paste F.Mask) (roundrect_rratio 0.25)
      (net 3 Vcc))
    (pad 3 smd roundrect (at -2.475 -1.27 90) (size 1.95 0.6) (layers F.Cu F.Paste F.Mask) (roundrect_rratio 0.25)
      (net 21 "Net-(U1-Pad12)"))
    (pad 2 smd roundrect (at -2.475 -2.54 90) (size 1.95 0.6) (layers F.Cu F.Paste F.Mask) (roundrect_rratio 0.25)
      (net 22 "Net-(U1-Pad1)"))
    (pad 1 smd roundrect (at -2.475 -3.81 90) (size 1.95 0.6) (layers F.Cu F.Paste F.Mask) (roundrect_rratio 0.25)
      (net 22 "Net-(U1-Pad1)"))
    (model ${KISYS3DMOD}/Package_SO.3dshapes/SOIC-14_3.9x8.7mm_P1.27mm.wrl
      (at (xyz 0 0 0))
      (scale (xyz 1 1 1))
      (rotate (xyz 0 0 0))
    )
  )

  (module Capacitor_SMD:C_0603_1608Metric (layer F.Cu) (tedit 5B301BBE) (tstamp 5CFCBBF9)
    (at 137.3125 89.535)
    (descr "Capacitor SMD 0603 (1608 Metric), square (rectangular) end terminal, IPC_7351 nominal, (Body size source: http://www.tortai-tech.com/upload/download/2011102023233369053.pdf), generated with kicad-footprint-generator")
    (tags capacitor)
    (path /5D0231F3)
    (attr smd)
    (fp_text reference C1 (at 3.0225 0) (layer F.SilkS)
      (effects (font (size 0.762 0.762) (thickness 0.0762)))
    )
    (fp_text value 0.1u (at 2.8955 0) (layer F.Fab)
      (effects (font (size 0.762 0.762) (thickness 0.0762)))
    )
    (fp_text user %R (at 0 0) (layer F.Fab)
      (effects (font (size 0.381 0.381) (thickness 0.0762)))
    )
    (fp_line (start 1.48 0.73) (end -1.48 0.73) (layer F.CrtYd) (width 0.05))
    (fp_line (start 1.48 -0.73) (end 1.48 0.73) (layer F.CrtYd) (width 0.05))
    (fp_line (start -1.48 -0.73) (end 1.48 -0.73) (layer F.CrtYd) (width 0.05))
    (fp_line (start -1.48 0.73) (end -1.48 -0.73) (layer F.CrtYd) (width 0.05))
    (fp_line (start -0.162779 0.51) (end 0.162779 0.51) (layer F.SilkS) (width 0.12))
    (fp_line (start -0.162779 -0.51) (end 0.162779 -0.51) (layer F.SilkS) (width 0.12))
    (fp_line (start 0.8 0.4) (end -0.8 0.4) (layer F.Fab) (width 0.1))
    (fp_line (start 0.8 -0.4) (end 0.8 0.4) (layer F.Fab) (width 0.1))
    (fp_line (start -0.8 -0.4) (end 0.8 -0.4) (layer F.Fab) (width 0.1))
    (fp_line (start -0.8 0.4) (end -0.8 -0.4) (layer F.Fab) (width 0.1))
    (pad 2 smd roundrect (at 0.7875 0) (size 0.875 0.95) (layers F.Cu F.Paste F.Mask) (roundrect_rratio 0.25)
      (net 1 GND))
    (pad 1 smd roundrect (at -0.7875 0) (size 0.875 0.95) (layers F.Cu F.Paste F.Mask) (roundrect_rratio 0.25)
      (net 3 Vcc))
    (model ${KISYS3DMOD}/Capacitor_SMD.3dshapes/C_0603_1608Metric.wrl
      (at (xyz 0 0 0))
      (scale (xyz 1 1 1))
      (rotate (xyz 0 0 0))
    )
  )

  (module Capacitor_SMD:C_0603_1608Metric (layer F.Cu) (tedit 5B301BBE) (tstamp 5CFDFC3E)
    (at 137.3125 98.425)
    (descr "Capacitor SMD 0603 (1608 Metric), square (rectangular) end terminal, IPC_7351 nominal, (Body size source: http://www.tortai-tech.com/upload/download/2011102023233369053.pdf), generated with kicad-footprint-generator")
    (tags capacitor)
    (path /5D029846)
    (attr smd)
    (fp_text reference C2 (at 3.0225 0) (layer F.SilkS)
      (effects (font (size 0.762 0.762) (thickness 0.0762)))
    )
    (fp_text value 0.1u (at 3.0225 0) (layer F.Fab)
      (effects (font (size 0.762 0.762) (thickness 0.0762)))
    )
    (fp_line (start -0.8 0.4) (end -0.8 -0.4) (layer F.Fab) (width 0.1))
    (fp_line (start -0.8 -0.4) (end 0.8 -0.4) (layer F.Fab) (width 0.1))
    (fp_line (start 0.8 -0.4) (end 0.8 0.4) (layer F.Fab) (width 0.1))
    (fp_line (start 0.8 0.4) (end -0.8 0.4) (layer F.Fab) (width 0.1))
    (fp_line (start -0.162779 -0.51) (end 0.162779 -0.51) (layer F.SilkS) (width 0.12))
    (fp_line (start -0.162779 0.51) (end 0.162779 0.51) (layer F.SilkS) (width 0.12))
    (fp_line (start -1.48 0.73) (end -1.48 -0.73) (layer F.CrtYd) (width 0.05))
    (fp_line (start -1.48 -0.73) (end 1.48 -0.73) (layer F.CrtYd) (width 0.05))
    (fp_line (start 1.48 -0.73) (end 1.48 0.73) (layer F.CrtYd) (width 0.05))
    (fp_line (start 1.48 0.73) (end -1.48 0.73) (layer F.CrtYd) (width 0.05))
    (fp_text user %R (at 0 0) (layer F.Fab)
      (effects (font (size 0.381 0.381) (thickness 0.0762)))
    )
    (pad 1 smd roundrect (at -0.7875 0) (size 0.875 0.95) (layers F.Cu F.Paste F.Mask) (roundrect_rratio 0.25)
      (net 3 Vcc))
    (pad 2 smd roundrect (at 0.7875 0) (size 0.875 0.95) (layers F.Cu F.Paste F.Mask) (roundrect_rratio 0.25)
      (net 1 GND))
    (model ${KISYS3DMOD}/Capacitor_SMD.3dshapes/C_0603_1608Metric.wrl
      (at (xyz 0 0 0))
      (scale (xyz 1 1 1))
      (rotate (xyz 0 0 0))
    )
  )

  (module Capacitor_SMD:C_0603_1608Metric (layer F.Cu) (tedit 5B301BBE) (tstamp 5CFCBC19)
    (at 134.1605 105.791)
    (descr "Capacitor SMD 0603 (1608 Metric), square (rectangular) end terminal, IPC_7351 nominal, (Body size source: http://www.tortai-tech.com/upload/download/2011102023233369053.pdf), generated with kicad-footprint-generator")
    (tags capacitor)
    (path /5CFA220F)
    (attr smd)
    (fp_text reference C3 (at -0.0485 1.27) (layer F.SilkS)
      (effects (font (size 0.762 0.762) (thickness 0.0762)))
    )
    (fp_text value 0.1u (at 0.0785 1.27) (layer F.Fab)
      (effects (font (size 0.762 0.762) (thickness 0.0762)))
    )
    (fp_line (start -0.8 0.4) (end -0.8 -0.4) (layer F.Fab) (width 0.1))
    (fp_line (start -0.8 -0.4) (end 0.8 -0.4) (layer F.Fab) (width 0.1))
    (fp_line (start 0.8 -0.4) (end 0.8 0.4) (layer F.Fab) (width 0.1))
    (fp_line (start 0.8 0.4) (end -0.8 0.4) (layer F.Fab) (width 0.1))
    (fp_line (start -0.162779 -0.51) (end 0.162779 -0.51) (layer F.SilkS) (width 0.12))
    (fp_line (start -0.162779 0.51) (end 0.162779 0.51) (layer F.SilkS) (width 0.12))
    (fp_line (start -1.48 0.73) (end -1.48 -0.73) (layer F.CrtYd) (width 0.05))
    (fp_line (start -1.48 -0.73) (end 1.48 -0.73) (layer F.CrtYd) (width 0.05))
    (fp_line (start 1.48 -0.73) (end 1.48 0.73) (layer F.CrtYd) (width 0.05))
    (fp_line (start 1.48 0.73) (end -1.48 0.73) (layer F.CrtYd) (width 0.05))
    (fp_text user %R (at 0 0) (layer F.Fab)
      (effects (font (size 0.381 0.381) (thickness 0.0762)))
    )
    (pad 1 smd roundrect (at -0.7875 0) (size 0.875 0.95) (layers F.Cu F.Paste F.Mask) (roundrect_rratio 0.25)
      (net 31 "Net-(C3-Pad1)"))
    (pad 2 smd roundrect (at 0.7875 0) (size 0.875 0.95) (layers F.Cu F.Paste F.Mask) (roundrect_rratio 0.25)
      (net 1 GND))
    (model ${KISYS3DMOD}/Capacitor_SMD.3dshapes/C_0603_1608Metric.wrl
      (at (xyz 0 0 0))
      (scale (xyz 1 1 1))
      (rotate (xyz 0 0 0))
    )
  )

  (module Capacitor_SMD:C_0603_1608Metric (layer F.Cu) (tedit 5B301BBE) (tstamp 5CFCBC29)
    (at 147.955 90.17 270)
    (descr "Capacitor SMD 0603 (1608 Metric), square (rectangular) end terminal, IPC_7351 nominal, (Body size source: http://www.tortai-tech.com/upload/download/2011102023233369053.pdf), generated with kicad-footprint-generator")
    (tags capacitor)
    (path /5CFAB64B)
    (attr smd)
    (fp_text reference C11 (at 0 1.27 270) (layer F.SilkS)
      (effects (font (size 0.762 0.762) (thickness 0.0762)))
    )
    (fp_text value 1n (at -2.159 0 90) (layer F.Fab)
      (effects (font (size 0.762 0.762) (thickness 0.0762)))
    )
    (fp_line (start -0.8 0.4) (end -0.8 -0.4) (layer F.Fab) (width 0.1))
    (fp_line (start -0.8 -0.4) (end 0.8 -0.4) (layer F.Fab) (width 0.1))
    (fp_line (start 0.8 -0.4) (end 0.8 0.4) (layer F.Fab) (width 0.1))
    (fp_line (start 0.8 0.4) (end -0.8 0.4) (layer F.Fab) (width 0.1))
    (fp_line (start -0.162779 -0.51) (end 0.162779 -0.51) (layer F.SilkS) (width 0.12))
    (fp_line (start -0.162779 0.51) (end 0.162779 0.51) (layer F.SilkS) (width 0.12))
    (fp_line (start -1.48 0.73) (end -1.48 -0.73) (layer F.CrtYd) (width 0.05))
    (fp_line (start -1.48 -0.73) (end 1.48 -0.73) (layer F.CrtYd) (width 0.05))
    (fp_line (start 1.48 -0.73) (end 1.48 0.73) (layer F.CrtYd) (width 0.05))
    (fp_line (start 1.48 0.73) (end -1.48 0.73) (layer F.CrtYd) (width 0.05))
    (fp_text user %R (at 0 0 90) (layer F.Fab)
      (effects (font (size 0.381 0.381) (thickness 0.0762)))
    )
    (pad 1 smd roundrect (at -0.7875 0 270) (size 0.875 0.95) (layers F.Cu F.Paste F.Mask) (roundrect_rratio 0.25)
      (net 4 "Net-(C11-Pad1)"))
    (pad 2 smd roundrect (at 0.7875 0 270) (size 0.875 0.95) (layers F.Cu F.Paste F.Mask) (roundrect_rratio 0.25)
      (net 1 GND))
    (model ${KISYS3DMOD}/Capacitor_SMD.3dshapes/C_0603_1608Metric.wrl
      (at (xyz 0 0 0))
      (scale (xyz 1 1 1))
      (rotate (xyz 0 0 0))
    )
  )

  (module Capacitor_SMD:C_0603_1608Metric (layer F.Cu) (tedit 5B301BBE) (tstamp 5CFCBC39)
    (at 149.479 90.17 270)
